11.5714 6.3680 4.8545 -0.0972 0.0159 -0.0143
6.3680 32.3613 8.3597 -0.0998 -0.0329 0.0754
4.8545 8.3597 5.3378 -0.0994 -0.0703 -0.0220
-0.0972 -0.0998 -0.0994 21.0531 0.0717 0.0034
0.0159 -0.0329 -0.0703 0.0717 8.9924 -0.0423
-0.0143 0.0754 -0.0220 0.0034 -0.0423 7.1183
