9.5942 4.1150 6.0898 0.0402 0.0346 0.0583
4.1150 33.3646 5.9988 -0.0437 0.0521 0.1177
6.0898 5.9988 9.1760 -0.0073 0.0733 -0.0205
0.0402 -0.0437 -0.0073 23.1797 0.0112 -0.0230
0.0346 0.0521 0.0733 0.0112 16.2113 0.0636
0.0583 0.1177 -0.0205 -0.0230 0.0636 9.0967
