5.2071 2.1709 2.6545 0.0032 -0.1585 -0.0025
2.1709 5.4861 1.9335 0.0242 -0.0852 -0.0535
2.6545 1.9335 3.3494 0.0095 -0.2327 -0.0313
0.0032 0.0242 0.0095 4.1610 -0.0262 -0.0254
-0.1585 -0.0852 -0.2327 -0.0262 6.9296 0.0272
-0.0025 -0.0535 -0.0313 -0.0254 0.0272 2.8740
