     8.23884       8.53184       7.57660      -0.00216       0.06706       0.00242
     8.53184       9.70233       8.39962      -0.00186      -0.00409      -0.02213
     7.57660       8.39962       8.05869       0.01108       0.00050       0.00190
    -0.00216      -0.00186       0.01108       3.42294      -0.02350      -0.00509
     0.06706      -0.00409       0.00050      -0.02350       5.23010      -0.01289
     0.00242      -0.02213       0.00190      -0.00509      -0.01289       1.84823