8.5403 6.1819 3.2497 0.0283 -0.0346 0.1749
6.1819 12.2357 1.8956 0.0942 -0.0780 0.1069
3.2497 1.8956 5.4882 0.0317 0.0120 -0.0156
0.0283 0.0942 0.0317 3.7775 0.0024 0.0182
-0.0346 -0.0780 0.0120 0.0024 1.3619 -0.0086
0.1749 0.1069 -0.0156 0.0182 -0.0086 9.9074
