5.3089 1.5374 0.4681 0.0768 0.2721 0.0926
1.5374 7.5796 -0.5749 0.0776 -0.1592 0.0000
0.4681 -0.5749 0.6129 0.0927 0.1315 -0.0779
0.0768 0.0776 0.0927 2.0437 0.0021 0.0424
0.2721 -0.1592 0.1315 0.0021 0.4056 0.0077
0.0926 0.0000 -0.0779 0.0424 0.0077 5.6994
