17.0861 4.7107 5.9855 0.0519 0.0875 0.1187
4.7107 17.0283 6.0318 0.1329 0.0856 0.0933
5.9855 6.0318 11.0408 0.0952 0.0224 -0.0111
0.0519 0.1329 0.0952 9.9399 -0.0543 0.0850
0.0875 0.0856 0.0224 -0.0543 10.0029 0.0581
0.1187 0.0933 -0.0111 0.0850 0.0581 6.9407
