13.69130200 11.86810121 12.34939759 -0.00104770 -0.00391626 -0.05817175
11.86810121 13.69310201 12.35029704 -0.00354234 0.00000868 0.05907291
12.34939759 12.35029704 12.29630430 0.00424589 0.00221113 -0.00100054
-0.00104770 -0.00354234 0.00424589 4.70659706 0.00049904 0.00021963
-0.00391626 0.00000868 0.00221113 0.00049904 4.70629860 0.00094158
-0.05817175 0.05907291 -0.00100054 0.00021963 0.00094158 5.61670018
