15.2433 4.4572 5.0921 -0.1800 0.1210 -0.1584
4.4572 15.1731 5.1186 0.0111 0.0890 -0.1250
5.0921 5.1186 9.5881 -0.1384 0.0704 -0.2203
-0.1800 0.0111 -0.1384 8.2967 -0.1931 0.1463
0.1210 0.0890 0.0704 -0.1931 8.3714 -0.0172
-0.1584 -0.1250 -0.2203 0.1463 -0.0172 6.2601
