24.8057 7.6560 8.0468 -0.0073 -0.8674 0.0023
7.6560 21.5741 4.6638 -0.0579 1.9670 0.0575
8.0468 4.6638 27.5985 -0.0287 0.6748 -0.0141
-0.0073 -0.0579 -0.0287 9.1378 -0.0009 0.4899
-0.8674 1.9670 0.6748 -0.0009 9.2213 -0.0406
0.0023 0.0575 -0.0141 0.4899 -0.0406 13.9788
