15.1717 3.6621 4.9867 0.0080 0.4319 -0.1248
3.6621 12.7748 1.5396 0.0180 0.2530 -0.0883
4.9867 1.5396 16.5160 -0.0148 1.4963 -0.0459
0.0080 0.0180 -0.0148 4.9582 -0.0672 -0.1913
0.4319 0.2530 1.4963 -0.0672 6.3672 -0.0122
-0.1248 -0.0883 -0.0459 -0.1913 -0.0122 8.9960
