20.38034703 11.05520673 16.45651953 -0.00137514 -4.10171383 -0.00057688
11.05520673 25.80099979 7.02679388 0.00115149 3.00740958 -0.00012098
16.45651953 7.02679388 20.60231290 -0.00161595 -8.70825786 0.00277360
-0.00137514 0.00115149 -0.00161595 5.82799723 0.00211889 0.79515414
-4.10171383 3.00740958 -8.70825786 0.00211889 10.48331958 -0.00151615
-0.00057688 -0.00012098 0.00277360 0.79515414 -0.00151615 7.97600332
