19.1089 7.5706 10.4667 0.0868 -0.3678 0.0252
7.5706 12.8037 6.3994 0.1695 4.7211 -0.0105
10.4667 6.3994 20.5318 0.0728 0.6080 0.1408
0.0868 0.1695 0.0728 12.6220 0.0325 5.6407
-0.3678 4.7211 0.6080 0.0325 15.5987 0.0436
0.0252 -0.0105 0.1408 5.6407 0.0436 16.2175
