18.8970 8.1245 9.9366 0.0536 -1.4140 -0.0438
8.1245 16.2351 9.9271 0.1475 6.0838 0.0112
9.9366 9.9271 19.2924 0.0892 2.9897 0.0445
0.0536 0.1475 0.0892 16.3024 0.0252 7.7504
-1.4140 6.0838 2.9897 0.0252 15.5374 0.0481
-0.0438 0.0112 0.0445 7.7504 0.0481 17.3303
