6.2985 4.4109 1.6782 -0.2542 -0.3346 -0.0050
4.4109 6.3502 1.7997 0.2566 0.1334 0.4142
1.6782 1.7997 3.6792 0.1200 1.9818 0.0307
-0.2542 0.2566 0.1200 1.0524 0.5871 -0.6639
-0.3346 0.1334 1.9818 0.5871 1.9698 -0.2815
-0.0050 0.4142 0.0307 -0.6639 -0.2815 10.4595
