6.7591 4.8476 2.6582 -0.0341 -0.9073 0.1092
4.8476 7.1088 1.5603 -0.0380 -0.6054 0.0008
2.6582 1.5603 9.5876 -0.0435 -0.2033 -0.0462
-0.0341 -0.0380 -0.0435 2.8685 0.0981 -0.8833
-0.9073 -0.6054 -0.2033 0.0981 1.7615 -0.0369
0.1092 0.0008 -0.0462 -0.8833 -0.0369 12.2862
