20.4163 8.3493 0.3661 0.0260 0.4679 0.0164
8.3493 7.9859 -0.5460 0.0185 3.3172 0.0106
0.3661 -0.5460 37.2366 0.0892 2.3803 0.1219
0.0260 0.0185 0.0892 8.8881 0.0684 1.0950
0.4679 3.3172 2.3803 0.0684 15.7805 -0.0486
0.0164 0.0106 0.1219 1.0950 -0.0486 24.6062
