19.7327 6.3329 3.9701 -0.2665 -0.0631 0.0094
6.3329 16.5097 7.3985 0.0053 0.2169 0.0154
3.9701 7.3985 8.7682 0.0047 -0.0036 -0.0383
-0.2665 0.0053 0.0047 20.9152 -0.1562 0.0189
-0.0631 0.2169 -0.0036 -0.1562 1.8667 -0.1485
0.0094 0.0154 -0.0383 0.0189 -0.1485 8.9442
