17.2916 2.7067 2.2167 0.0308 -0.4278 0.0663
2.7067 7.8229 5.9307 0.4363 0.2833 0.2457
2.2167 5.9307 3.1492 0.1785 -0.4030 0.5501
0.0308 0.4363 0.1785 15.4448 -0.1007 0.0094
-0.4278 0.2833 -0.4030 -0.1007 0.5303 0.1451
0.0663 0.2457 0.5501 0.0094 0.1451 1.7336
