21.7151 5.4325 12.9569 0.0177 -20.8851 -0.0552
5.4325 38.8366 10.0149 0.0155 -4.3597 -0.0748
12.9569 10.0149 19.2441 0.0281 -15.1795 -0.0834
0.0177 0.0155 0.0281 20.0436 -0.0533 -10.4962
-20.8851 -4.3597 -15.1795 -0.0533 32.4655 0.0382
-0.0552 -0.0748 -0.0834 -10.4962 0.0382 27.6513
