21.1120 8.6523 13.1789 -0.0003 -25.3292 0.0013
8.6523 41.8103 10.3208 0.0825 -7.9125 0.1010
13.1789 10.3208 16.0417 0.0286 -20.8317 0.0068
-0.0003 0.0825 0.0286 19.3535 -0.0452 -10.6703
-25.3292 -7.9125 -20.8317 -0.0452 33.4074 0.0662
0.0013 0.1010 0.0068 -10.6703 0.0662 27.7061
