21.9476 4.6556 13.2063 0.0026 -20.5234 0.0004
4.6556 41.2669 8.5277 0.0062 -4.6297 -0.0018
13.2063 8.5277 20.0684 0.0025 -17.0456 -0.0006
0.0026 0.0062 0.0025 20.2539 -0.0033 -12.7165
-20.5234 -4.6297 -17.0456 -0.0033 39.2245 0.0013
0.0004 -0.0018 -0.0006 -12.7165 0.0013 29.0562
