6.2127 2.5494 3.7672 0.0000 -0.1579 0.0223
2.5494 7.3146 2.8671 0.0035 0.1794 -0.0017
3.7672 2.8671 6.0188 0.0028 -0.5481 0.0027
0.0000 0.0035 0.0028 8.5203 -0.0052 -0.2919
-0.1579 0.1794 -0.5481 -0.0052 10.5880 0.0069
0.0223 -0.0017 0.0027 -0.2919 0.0069 5.1219
