5.5817 3.4017 5.2362 -0.0496 0.8400 -0.0508
3.4017 8.0823 3.2748 -0.0124 0.3279 -0.0611
5.2362 3.2748 5.6707 0.0084 0.0548 -0.0373
-0.0496 -0.0124 0.0084 5.4421 -0.0499 -0.3979
0.8400 0.3279 0.0548 -0.0499 6.9390 -0.0176
-0.0508 -0.0611 -0.0373 -0.3979 -0.0176 1.7109
