2.7882 1.0334 2.1142 0.0916 -0.4403 0.0962
1.0334 3.2208 0.8715 0.0575 -0.3451 0.1092
2.1142 0.8715 2.9001 0.0371 -0.2715 0.0265
0.0916 0.0575 0.0371 2.9730 -0.0752 -0.5131
-0.4403 -0.3451 -0.2715 -0.0752 3.1028 0.0067
0.0962 0.1092 0.0265 -0.5131 0.0067 1.2108
