29.3525 14.7284 14.3210 -0.0251 0.0352 -0.0002
14.7284 35.9626 13.3534 0.0112 -0.0153 -0.0187
14.3210 13.3534 32.3504 0.0172 0.0724 0.0026
-0.0251 0.0112 0.0172 23.2311 0.0162 0.0044
0.0352 -0.0153 0.0724 0.0162 21.3453 0.0213
-0.0002 -0.0187 0.0026 0.0044 0.0213 31.9979
