34.7439 18.7946 17.1178 -0.0221 0.0052 0.0363
18.7946 44.9543 15.4254 0.0357 0.0104 0.0053
17.1178 15.4254 33.7313 0.0528 0.0339 -0.0040
-0.0221 0.0357 0.0528 28.1312 0.0379 0.0222
0.0052 0.0104 0.0339 0.0379 26.5100 0.0023
0.0363 0.0053 -0.0040 0.0222 0.0023 38.1144
