24.9573 1.0317 14.3278 -0.0211 -20.1891 -0.4326
1.0317 0.2378 7.6734 0.1147 -2.5891 -0.0818
14.3278 7.6734 25.0328 -0.0651 -2.9676 0.0216
-0.0211 0.1147 -0.0651 8.0259 0.1056 -3.4591
-20.1891 -2.5891 -2.9676 0.1056 5.2151 0.0971
-0.4326 -0.0818 0.0216 -3.4591 0.0971 11.6144
