24.21520352 13.33922234 6.26660818 0.01304907 -2.10401029 -0.00520994
13.33922234 14.75219204 5.70924642 -0.08515672 1.49632016 -0.08486160
6.26660818 5.70924642 18.21585825 -0.01147441 -1.54471382 0.01837384
0.01304907 -0.08515672 -0.01147441 8.67797322 -0.01278242 1.16510251
-2.10401029 1.49632016 -1.54471382 -0.01278242 10.61276423 -0.00035121
-0.00520994 -0.08486160 0.01837384 1.16510251 -0.00035121 14.45190620
