29.2569 7.5129 2.0391 -0.1003 -15.4285 -0.1684
7.5129 13.5021 1.9425 -0.1751 4.1762 -0.2418
2.0391 1.9425 3.6100 0.0674 2.2843 -0.0335
-0.1003 -0.1751 0.0674 16.8419 -0.0003 4.8794
-15.4285 4.1762 2.2843 -0.0003 14.8634 -0.1056
-0.1684 -0.2418 -0.0335 4.8794 -0.1056 22.6534
