16.520000	13.200000	7.600000	-3.300000	-4.700000	5.000000
13.200000	16.970000	7.700000	-5.600000	-5.000000	6.400000
7.600000	7.700000	17.850000	-4.800000	-3.200000	5.100000
-3.300000	-5.600000	-4.800000	7.100000	-4.700000	-2.800000
-4.700000	-5.000000	-3.200000	-4.700000	8.050000	-2.100000
5.000000	6.400000	5.100000	-2.800000	-2.100000	10.610000
