     24.2190       8.5803       9.8824       1.0796      -1.3528      -0.6800
      8.5803      25.4452      10.4442       3.3404      -0.9567      -1.0446
      9.8824      10.4442      30.8035       1.6797      -0.6799      -1.0293
      1.0796       3.3404       1.6797      10.6972      -0.8200      -0.8524
     -1.3528      -0.9567      -0.6799      -0.8200       8.9361       0.6206
     -0.6800      -1.0446      -1.0293      -0.8524       0.6206       8.1637
