19.89582200 8.73635257 5.09030690 2.50981969 -3.30987307 -0.77563149
8.73635257 39.33289025 17.64634537 12.27518253 -6.40166264 -6.04463293
5.09030690 17.64634537 21.94459246 4.37252092 -3.22021415 -1.51875729
2.50981969 12.27518253 4.37252092 9.41667236 -3.88470875 -3.24386492
-3.30987307 -6.40166264 -3.22021415 -3.88470875 6.09675268 2.27018849
-0.77563149 -6.04463293 -1.51875729 -3.24386492 2.27018849 10.11347502
