15.2034 4.5984 2.7413 4.0957 -0.5402 -3.3609
4.5984 19.9581 10.8943 12.7806 -4.6566 -7.6977
2.7413 10.8943 15.1169 7.9081 -2.9518 -5.5301
4.0957 12.7806 7.9081 20.6521 -7.3331 -9.9096
-0.5402 -4.6566 -2.9518 -7.3331 5.8244 11.7216
-3.3609 -7.6977 -5.5301 -9.9096 11.7216 15.7506
