     27.5145       9.5761       9.9318       0.4638      -0.6954      -0.4753
      9.5761      28.1243      10.4349       1.8087      -0.4663      -0.6660
      9.9318      10.4349      30.2222       1.3857      -0.6771      -0.4187
      0.4638       1.8087       1.3857      10.6468      -0.4105      -0.4438
     -0.6954      -0.4663      -0.6771      -0.4105       9.6439       0.2922
     -0.4753      -0.6660      -0.4187      -0.4438       0.2922       9.4075
