    13.60555       9.72065       8.81352       0.28803       1.54154       1.25755
     9.72065      20.44067      10.91368       5.00044      -2.57788      -1.24568
     8.81352      10.91368      21.32025       0.05976      -2.21536       0.06440
     0.28803       5.00044       0.05976       7.23845      -0.16146      -1.40429
     1.54154      -2.57788      -2.21536      -0.16146       6.25781       1.02155
     1.25755      -1.24568       0.06440      -1.40429       1.02155       7.16572