     14.2805       5.6707       9.3201       1.8603      -2.4378      -2.7655
      5.6707      15.2266      10.5714       8.7182      -2.2602      -3.2222
      9.3201      10.5714      26.3993       1.7634       0.8157      -4.0404
      1.8603       8.7182       1.7634      12.5648      -3.4609      -1.9925
     -2.4378      -2.2602       0.8157      -3.4609       6.7186       0.3942
     -2.7655      -3.2222      -4.0404      -1.9925       0.3942       4.3521
