16.06477057 7.16696538 3.87166757 1.96982775 -1.99473891 -0.20949622
7.16696538 31.02617504 14.07842185 9.81597571 -3.85141735 -4.24008021
3.87166757 14.07842185 16.12356782 3.62517200 -2.19183889 -0.43348607
1.96982775 9.81597571 3.62517200 7.05757588 -1.64719401 -2.18482208
-1.99473891 -3.85141735 -2.19183889 -1.64719401 3.42772917 1.81822728
-0.20949622 -4.24008021 -0.43348607 -2.18482208 1.81822728 8.34017039
