23.255000	11.967000	10.594000	6.452000	-6.386000	-2.731000
11.967000	28.961000	18.995000	10.938000	-5.817000	-4.954000
10.594000	18.995000	24.732000	8.363000	-6.683000	-1.962000
6.452000	10.938000	8.363000	12.382000	-5.418000	-3.220000
-6.386000	-5.817000	-6.683000	-5.418000	10.178000	4.309000
-2.731000	-4.954000	-1.962000	-3.220000	4.309000	11.258000
