     18.5906       6.4254      10.4406       2.6557      -3.0298      -2.5618
      6.4254      14.6953      12.6523      12.1661      -1.8800      -3.1671
     10.4406      12.6523      28.7240       4.5670       0.5295      -2.7973
      2.6557      12.1661       4.5670      16.6525      -2.9095      -2.1544
     -3.0298      -1.8800       0.5295      -2.9095       7.1788       0.4193
     -2.5618      -3.1671      -2.7973      -2.1544       0.4193       4.2190
