37.58914630 18.83113713 21.87513338 2.03782974 -9.66945488 1.24149540
18.83113713 42.23160697 21.72721787 6.51662932 -7.43048049 -10.11593345
21.87513338 21.72721787 33.65986998 4.57770412 -17.92638948 -2.39511329
2.03782974 6.51662932 4.57770412 18.19380876 -7.16480077 -5.26277321
-9.66945488 -7.43048049 -17.92638948 -7.16480077 17.37407170 4.07495055
1.24149540 -10.11593345 -2.39511329 -5.26277321 4.07495055 15.51000792
