23.10279647 14.58788532 16.59983289 6.94735949 -9.78235416 -4.94297052
14.58788532 28.23507482 21.61535331 8.39589309 -3.61887697 -4.54191179
16.59983289 21.61535331 25.77258566 9.62741217 -6.35463802 -3.15926839
6.94735949 8.39589309 9.62741217 17.56907163 -4.74961267 1.13009440
-9.78235416 -3.61887697 -6.35463802 -4.74961267 12.92391633 5.41454127
-4.94297052 -4.54191179 -3.15926839 1.13009440 5.41454127 10.78518356
