7.0281 4.5162 4.2116 3.9089 -4.4874 -1.5923
4.5162 14.4631 8.9845 9.2944 -5.0829 -3.8230
4.2116 8.9845 12.3685 9.0674 -6.6271 -2.4550
3.9089 9.2944 9.0674 15.8050 -6.1889 -4.1510
-4.4874 -5.0829 -6.6271 -6.1889 10.6442 3.0601
-1.5923 -3.8230 -2.4550 -4.1510 3.0601 9.5900
