21.8823 7.4026 4.1328 5.3916 -3.8900 -4.8796
7.4026 21.0508 12.4861 9.4695 -4.9994 -7.8617
4.1328 12.4861 17.2647 7.0641 -5.1768 -5.9505
5.3916 9.4695 7.0641 22.3033 -8.7736 -6.6081
-3.8900 -4.9994 -5.1768 -8.7736 9.9335 9.6992
-4.8796 -7.8617 -5.9505 -6.6081 9.6992 20.4165
