16.9149 -0.0880 3.7529 -0.0246 -0.0386 -0.0333
-0.0880 50.3568 2.3820 -0.0285 -0.1408 0.0557
3.7529 2.3820 24.6827 0.0576 -0.0245 0.1314
-0.0246 -0.0285 0.0576 10.3244 0.0432 0.0281
-0.0386 -0.1408 -0.0245 0.0432 24.1654 0.0426
-0.0333 0.0557 0.1314 0.0281 0.0426 8.4450
