10.3062 2.4091 2.9501 -0.2266 2.1787 0.0256
2.4091 10.6435 2.7196 0.7798 -1.5696 0.9821
2.9501 2.7196 10.3429 0.5252 0.7207 -0.2217
-0.2266 0.7798 0.5252 2.7062 -2.8861 1.0079
2.1787 -1.5696 0.7207 -2.8861 4.6598 0.0610
0.0256 0.9821 -0.2217 1.0079 0.0610 4.1623
