17.6423 6.1565 6.4935 -0.0656 2.0655 -0.3341
6.1565 17.6165 6.4769 0.1599 -2.5474 0.7703
6.4935 6.4769 16.8909 -0.3336 0.3090 -0.5392
-0.0656 0.1599 -0.3336 4.1966 -4.1297 1.0524
2.0655 -2.5474 0.3090 -4.1297 6.5257 -0.3932
-0.3341 0.7703 -0.5392 1.0524 -0.3932 6.4020
