10.8913 3.2586 3.1101 -0.5133 1.6799 -0.3244
3.2586 11.3606 2.7227 0.0085 -2.4769 0.7943
3.1101 2.7227 10.3104 -0.9449 -0.3414 -1.4276
-0.5133 0.0085 -0.9449 2.6470 -3.6684 0.6063
1.6799 -2.4769 -0.3414 -3.6684 4.5175 -0.3143
-0.3244 0.7943 -1.4276 0.6063 -0.3143 4.5213
