6.8678 4.8662 7.9406 -0.0206 0.0299 1.8432
4.8662 6.9356 7.8730 -0.2027 -0.0102 -1.9688
7.9406 7.8730 47.1206 0.0328 -0.1681 -0.1720
-0.0206 -0.2027 0.0328 17.5576 -0.0917 -0.0730
0.0299 -0.0102 -0.1681 -0.0917 17.5175 -0.1520
1.8432 -1.9688 -0.1720 -0.0730 -0.1520 26.3905
