18.3326 14.6089 10.8008 -0.0347 0.0216 3.4258
14.6089 17.5890 10.4790 -0.1575 -0.0400 -2.4517
10.8008 10.4790 77.6322 0.0776 -0.1288 -0.1333
-0.0347 -0.1575 0.0776 21.1361 0.0555 -0.0446
0.0216 -0.0400 -0.1288 0.0555 21.0035 -0.1575
3.4258 -2.4517 -0.1333 -0.0446 -0.1575 36.6054
