3.9173 4.5669 1.3279 0.0302 0.0478 0.0190
4.5669 18.3995 3.2898 -0.1488 -0.1444 0.0573
1.3279 3.2898 2.4332 0.0394 -0.0452 -0.0113
0.0302 -0.1488 0.0394 4.0906 -0.0051 0.0139
0.0478 -0.1444 -0.0452 -0.0051 10.2527 0.0670
0.0190 0.0573 -0.0113 0.0139 0.0670 7.8180
