14.33950005 10.22889999 13.84439995 -0.00139449 -0.00065571 -0.00000014
10.22889999 29.09060000 7.80930000 -0.00012940 0.00007200 0.00010000
13.84439995 7.80930000 15.66750005 -0.00069104 0.00061620 0.00000020
-0.00139449 -0.00012940 -0.00069104 0.98919999 0.00000007 -0.00006019
-0.00065571 0.00007200 0.00061620 0.00000007 7.90479994 0.00300850
-0.00000014 0.00010000 0.00000020 -0.00006019 0.00300850 2.32700001
