11.36690796 6.24433564 8.51416932 0.00607847 -0.01807349 -0.00159146
6.24433564 24.64660544 4.35959966 0.05329705 0.02961306 -0.00858363
8.51416932 4.35959966 12.70545108 0.00977384 -0.04342232 -0.01289835
0.00607847 0.05329705 0.00977384 1.56835227 -0.00025710 -0.00066655
-0.01807349 0.02961306 -0.04342232 -0.00025710 9.13320321 -0.00030488
-0.00159146 -0.00858363 -0.01289835 -0.00066655 -0.00030488 4.50925864
