4.1642 2.3666 3.8187 0.0406 -0.0684 -0.0204
2.3666 13.3266 2.1759 -0.1696 -0.0120 0.0730
3.8187 2.1759 4.5160 -0.0008 -0.1240 -0.0176
0.0406 -0.1696 -0.0008 2.9528 -0.0236 -0.0342
-0.0684 -0.0120 -0.1240 -0.0236 5.0944 0.0272
-0.0204 0.0730 -0.0176 -0.0342 0.0272 6.1845
