12.7825 5.3135 4.0011 -0.0919 -0.0171 -0.0688
5.3135 11.7534 6.3490 0.0326 0.0525 -0.0461
4.0011 6.3490 9.6944 0.0025 0.0681 0.0026
-0.0919 0.0326 0.0025 12.6171 -0.0101 0.0141
-0.0171 0.0525 0.0681 -0.0101 8.1263 0.1281
-0.0688 -0.0461 0.0026 0.0141 0.1281 13.6305
