13.6621 5.4029 4.7442 -0.0799 -0.0849 -0.0636
5.4029 12.3429 6.8733 0.0151 -0.0260 -0.0110
4.7442 6.8733 11.2844 -0.0158 0.0058 -0.0316
-0.0799 0.0151 -0.0158 13.2010 0.0449 -0.0241
-0.0849 -0.0260 0.0058 0.0449 8.8665 0.0645
-0.0636 -0.0110 -0.0316 -0.0241 0.0645 14.9259
