    49.83754      -6.73131       9.69656      -0.08372       0.03451       0.07649
    -6.73131      29.41471       7.46997      -0.35492       0.10903       2.23826
     9.69656       7.46997      16.81360       0.11256      -0.27051      -0.66069
    -0.08372      -0.35492       0.11256       8.46610      -0.04771      -0.00861
     0.03451       0.10903      -0.27051      -0.04771       5.69473       0.08709
     0.07649       2.23826      -0.66069      -0.00861       0.08709       1.05662