8.4427 1.6321 0.4813 0.0440 -0.2595 -0.1688
1.6321 3.0426 1.9655 0.0297 0.2095 -0.1028
0.4813 1.9655 3.7576 0.0084 -0.0049 -0.0892
0.0440 0.0297 0.0084 5.1560 -0.0411 -0.1960
-0.2595 0.2095 -0.0049 -0.0411 3.9366 0.0301
-0.1688 -0.1028 -0.0892 -0.1960 0.0301 4.5386
