15.2029 2.5164 2.1136 -0.0133 -0.1073 -0.2324
2.5164 9.8798 5.4694 -0.0002 0.0016 -0.0594
2.1136 5.4694 5.8668 0.0397 -0.1420 -0.0263
-0.0133 -0.0002 0.0397 11.0133 -0.0968 -0.1140
-0.1073 0.0016 -0.1420 -0.0968 5.1783 0.0550
-0.2324 -0.0594 -0.0263 -0.1140 0.0550 6.4686
