11.59430669 4.31439274 7.83341073 0.01581113 -0.01659275 -0.02047307
4.31439274 42.12478362 4.03540038 0.03599333 -0.03007468 -0.00818996
7.83341073 4.03540038 19.59735514 -0.00861063 0.00951520 -0.04496643
0.01581113 0.03599333 -0.00861063 2.69137195 -0.00555759 -0.00434904
-0.01659275 -0.03007468 0.00951520 -0.00555759 7.87569127 -0.00193256
-0.02047307 -0.00818996 -0.04496643 -0.00434904 -0.00193256 1.24343540
