14.0335 3.6040 8.9466 0.0032 -0.0025 0.0044
3.6040 38.3854 3.4799 0.0007 -0.0075 0.0019
8.9466 3.4799 13.3974 0.0006 -0.0327 0.0067
0.0032 0.0007 0.0006 3.9176 0.0101 0.0035
-0.0025 -0.0075 -0.0327 0.0101 17.2360 -0.0080
0.0044 0.0019 0.0067 0.0035 -0.0080 -0.7674
