12.3450 4.3782 10.1651 0.0181 0.0467 0.0174
4.3782 29.3748 3.6711 -0.1412 -0.1355 -0.1709
10.1651 3.6711 10.2464 -0.0330 0.2043 0.0453
0.0181 -0.1412 -0.0330 8.5336 0.0228 -0.0530
0.0467 -0.1355 0.2043 0.0228 4.8647 -0.0240
0.0174 -0.1709 0.0453 -0.0530 -0.0240 6.1710
