16.1950 6.2046 3.1131 -0.3154 -0.2963 -0.9833
6.2046 15.5557 3.2338 0.6425 0.2981 1.1298
3.1131 3.2338 4.3491 -0.2380 0.0751 0.0295
-0.3154 0.6425 -0.2380 2.4569 0.2991 0.2216
-0.2963 0.2981 0.0751 0.2991 2.2625 -0.2807
-0.9833 1.1298 0.0295 0.2216 -0.2807 8.2684
