7.1931 1.9263 0.1257 -0.4617 0.1294 -0.6165
1.9263 7.1374 -0.2419 0.7788 0.1884 0.4246
0.1257 -0.2419 4.2877 0.0231 -0.0423 0.1610
-0.4617 0.7788 0.0231 2.0871 0.2433 0.1936
0.1294 0.1884 -0.0423 0.2433 1.8181 -0.3542
-0.6165 0.4246 0.1610 0.1936 -0.3542 4.0579
