19.38268028 11.02248318 6.03388355 0.32996234 0.21524014 -1.07346865
11.02248318 14.60196334 7.51337649 1.62355133 0.97424507 0.67897033
6.03388355 7.51337649 17.95326995 0.60808611 0.41984344 -0.74220499
0.32996234 1.62355133 0.60808611 1.45167485 0.17936732 -0.11969650
0.21524014 0.97424507 0.41984344 0.17936732 3.07347008 -0.47330340
-1.07346865 0.67897033 -0.74220499 -0.11969650 -0.47330340 3.83289828
