6.7314 3.8636 2.3279 0.0963 1.0716 -0.0603
3.8636 8.3935 3.4714 0.0545 1.0183 0.1119
2.3279 3.4714 8.1843 0.2708 1.0183 -0.0890
0.0963 0.0545 0.2708 2.6999 -0.0790 2.1429
1.0716 1.0183 1.0183 -0.0790 0.7670 0.1299
-0.0603 0.1119 -0.0890 2.1429 0.1299 5.6365
