3.7521 2.3036 1.7329 -0.2052 -0.0891 0.0628
2.3036 5.7973 1.0652 -0.3184 0.0397 0.0095
1.7329 1.0652 5.4538 -0.0588 -0.2251 -0.0317
-0.2052 -0.3184 -0.0588 1.9473 -0.0834 0.5924
-0.0891 0.0397 -0.2251 -0.0834 2.1422 -0.1350
0.0628 0.0095 -0.0317 0.5924 -0.1350 4.3150
