3.8709 -1.5954 -0.1710 0.0186 0.0000 -0.0067
-1.5954 16.0962 8.7585 0.0122 0.0038 0.0260
-0.1710 8.7585 6.7348 0.0017 -0.0023 0.0325
0.0186 0.0122 0.0017 29.9646 -0.0060 0.0006
0.0000 0.0038 -0.0023 -0.0060 12.5546 -0.0016
-0.0067 0.0260 0.0325 0.0006 -0.0016 7.7135
