     5.24450       2.67283      -0.14826      -0.43816       0.06793       0.19357
     2.67283      20.22591       8.36586      -1.12413       0.04970      -0.24593
    -0.14826       8.36586       9.85630      -0.47868       0.02723      -0.00738
    -0.43816      -1.12413      -0.47868      -0.20766      -0.28011      -0.00609
     0.06793       0.04970       0.02723      -0.28011       3.57210      -1.38854
     0.19357      -0.24593      -0.00738      -0.00609      -1.38854       2.01410