7.8030 4.1522 2.6805 -0.0957 0.4971 0.1534
4.1522 23.2688 12.9156 0.1745 0.4969 -0.0056
2.6805 12.9156 10.5887 0.0877 0.0313 0.1984
-0.0957 0.1745 0.0877 27.2991 0.3369 -0.0552
0.4971 0.4969 0.0313 0.3369 5.5006 -0.1031
0.1534 -0.0056 0.1984 -0.0552 -0.1031 8.1328
