4.7346 1.7977 1.9059 -0.0922 1.0690 0.1035
1.7977 8.3724 3.9854 -0.0176 0.8936 -0.1938
1.9059 3.9854 6.6823 -0.0897 0.6496 -0.0073
-0.0922 -0.0176 -0.0897 6.8750 -0.1229 0.6609
1.0690 0.8936 0.6496 -0.1229 4.1481 -0.0881
0.1035 -0.1938 -0.0073 0.6609 -0.0881 8.7337
