14.08412011 8.17422412 6.09117810 -0.00411539 -1.52153814 0.00790283
8.17422412 13.32633987 6.38833751 0.00168355 0.58449110 0.00232844
6.09117810 6.38833751 13.55825236 0.01160484 -0.48666562 -0.00577734
-0.00411539 0.00168355 0.01160484 4.09341846 -0.00914928 0.14680407
-1.52153814 0.58449110 -0.48666562 -0.00914928 4.31648864 0.00260173
0.00790283 0.00232844 -0.00577734 0.14680407 0.00260173 9.61962560
