9.6674 3.8580 2.0432 -0.0039 -1.7672 -0.0033
3.8580 6.5593 3.0406 -0.0051 -0.9742 -0.0032
2.0432 3.0406 7.6111 0.0149 0.6797 0.0005
-0.0039 -0.0051 0.0149 8.4354 -0.0100 0.6462
-1.7672 -0.9742 0.6797 -0.0100 5.0073 0.0008
-0.0033 -0.0032 0.0005 0.6462 0.0008 16.4475
