4.3664 1.7683 1.8604 -0.0166 0.4571 0.1309
1.7683 6.4481 3.0104 0.1306 1.2196 0.0864
1.8604 3.0104 4.6883 0.0662 0.7085 0.0521
-0.0166 0.1306 0.0662 3.5845 0.0222 -0.2376
0.4571 1.2196 0.7085 0.0222 3.0524 -0.0844
0.1309 0.0864 0.0521 -0.2376 -0.0844 5.5087
