5.9222 0.3535 2.6618 0.2114 0.2123 -0.0367
0.3535 3.8828 1.8847 0.3793 0.1964 0.1395
2.6618 1.8847 6.6934 -0.0045 0.1786 -0.1375
0.2114 0.3793 -0.0045 3.6860 0.0750 -0.3715
0.2123 0.1964 0.1786 0.0750 4.4828 -0.0594
-0.0367 0.1395 -0.1375 -0.3715 -0.0594 1.7607
