11.4755 -2.3336 0.0633 0.0021 0.0045 -0.0449
-2.3336 8.4539 -2.0485 0.0099 -0.0095 -0.0101
0.0633 -2.0485 7.1042 0.0012 0.0122 -0.0227
0.0021 0.0099 0.0012 6.3717 0.0024 0.0031
0.0045 -0.0095 0.0122 0.0024 5.4057 -0.0091
-0.0449 -0.0101 -0.0227 0.0031 -0.0091 4.9737
