10.5648 2.4824 3.1083 0.0848 -0.0149 0.0532
2.4824 10.1478 2.8841 0.1151 -0.0396 0.0021
3.1083 2.8841 6.5517 0.0426 0.0078 -0.0321
0.0848 0.1151 0.0426 3.8382 -0.0374 0.0088
-0.0149 -0.0396 0.0078 -0.0374 3.8336 0.2313
0.0532 0.0021 -0.0321 0.0088 0.2313 3.4250
