12.4390 10.2692 6.8851 0.1614 5.2607 -0.0082
10.2692 17.7409 5.1062 0.1524 5.9079 -0.4315
6.8851 5.1062 9.7832 0.1505 1.1486 -0.4350
0.1614 0.1524 0.1505 13.4236 0.0947 6.9269
5.2607 5.9079 1.1486 0.0947 7.7221 -0.3933
-0.0082 -0.4315 -0.4350 6.9269 -0.3933 18.3647
