7.3493 6.0372 3.3105 -0.0755 1.1623 -0.0477
6.0372 12.3563 2.1576 -0.0909 4.5522 -0.0345
3.3105 2.1576 7.1079 0.0319 0.6489 -0.0404
-0.0755 -0.0909 0.0319 9.0381 -0.0907 5.5658
1.1623 4.5522 0.6489 -0.0907 6.5561 -0.0744
-0.0477 -0.0345 -0.0404 5.5658 -0.0744 14.6641
