15.5218 2.5762 6.0855 0.1002 -0.2068 -0.0055
2.5762 7.1574 2.6958 0.0640 -0.1920 0.0947
6.0855 2.6958 16.1271 0.0882 -0.0170 -0.0676
0.1002 0.0640 0.0882 5.6051 0.0580 -0.1282
-0.2068 -0.1920 -0.0170 0.0580 7.9166 0.0076
-0.0055 0.0947 -0.0676 -0.1282 0.0076 5.6631
