10.8380 5.4791 6.3865 -0.0382 0.0558 -0.0966
5.4791 13.7755 3.4066 -0.0664 -0.0389 0.1427
6.3865 3.4066 26.1849 0.0019 -0.0300 -0.0125
-0.0382 -0.0664 0.0019 5.5989 0.0225 -0.0169
0.0558 -0.0389 -0.0300 0.0225 10.0974 0.0715
-0.0966 0.1427 -0.0125 -0.0169 0.0715 7.4982
