15.02780000 6.48541242 8.98948758 -0.98262836 0.46421756 -0.21038652
6.48541242 16.39736189 8.54163900 -1.04500373 -0.22691324 0.52361164
8.98948758 8.54163900 17.45906012 -0.00612703 -0.23730431 -0.31322512
-0.98262836 -1.04500373 -0.00612703 3.75983900 -0.31322512 -0.22691324
0.46421756 -0.22691324 -0.23730431 -0.31322512 4.72499687 0.15881387
-0.21038652 0.52361164 -0.31322512 -0.22691324 0.15881387 4.22220313
