      7.0633       3.2538       3.6372       0.5226       0.8033       0.5297
      3.2538       7.2889       3.8288       1.1261       0.0710       0.1601
      3.6372       3.8288      10.7126       0.1318       0.2607      -0.2417
      0.5226       1.1261       0.1318       2.9965      -0.2220       0.1210
      0.8033       0.0710       0.2607      -0.2220       2.7865       0.6011
      0.5297       0.1601      -0.2417       0.1210       0.6011       2.2351
