      6.8275       3.3835       3.7580       0.5768       0.8862       0.5986
      3.3835       7.0674       3.9604       1.2426       0.0669       0.1828
      3.7580       3.9604      10.7284       0.0679       0.2500      -0.3064
      0.5768       1.2426       0.0679       2.9499      -0.2792       0.1359
      0.8862       0.0669       0.2500      -0.2792       2.7222       0.6849
      0.5986       0.1828      -0.3064       0.1359       0.6849       2.1166
