7.8906 3.0253 3.5390 0.5616 -0.7035 -0.4577
3.0253 7.7559 3.6012 -1.3905 -0.2293 0.5540
3.5390 3.6012 7.1370 -0.4079 -0.5791 0.2054
0.5616 -1.3905 -0.4079 8.7627 -1.6661 -0.0868
-0.7035 -0.2293 -0.5791 -1.6661 9.7350 1.3899
-0.4577 0.5540 0.2054 -0.0868 1.3899 4.2232
