      5.9201       2.7955       3.0349       0.4362       0.5848       0.4317
      2.7955       6.0118       3.2552       0.8140       0.0453       0.0895
      3.0349       3.2552       8.6183       0.0807       0.2184      -0.1862
      0.4362       0.8140       0.0807       2.4040      -0.1762       0.0707
      0.5848       0.0453       0.2184      -0.1762       2.1744       0.4760
      0.4317       0.0895      -0.1862       0.0707       0.4760       1.8499
