      5.7807       2.8913       3.1123       0.4677       0.6196       0.4703
      2.8913       5.8688       3.3453       0.8642       0.0420       0.0994
      3.1123       3.3453       8.5779       0.0383       0.2120      -0.2248
      0.4677       0.8642       0.0383       2.3595      -0.2111       0.0769
      0.6196       0.0420       0.2120      -0.2111       2.1136       0.5225
      0.4703       0.0994      -0.2248       0.0769       0.5225       1.7757
