20.28740000 8.06975640 10.02034360 -0.70743132 -0.55145621 0.25849401
8.06975640 21.69061618 8.94976123 -0.90370096 0.25343350 -0.63578447
10.02034360 8.94976123 20.92126137 0.90151049 0.29802271 0.37729046
-0.70743132 -0.90370096 0.90151049 5.54276123 0.37729046 0.25343350
-0.55145621 0.25343350 0.29802271 0.37729046 6.92581942 -0.04081342
0.25849401 -0.63578447 0.37729046 0.25343350 -0.04081342 6.08488058
