9.2818 3.8124 4.4545 0.8870 -0.4145 -0.5605
3.8124 9.2421 4.4601 -1.0117 0.4449 0.6073
4.4545 4.4601 7.9217 0.2673 0.4134 -0.0222
0.8870 -1.0117 0.2673 9.6332 -1.8679 0.3474
-0.4145 0.4449 0.4134 -1.8679 10.5020 1.0708
-0.5605 0.6073 -0.0222 0.3474 1.0708 5.0576
