11.5699 4.6316 6.8652 0.0256 0.0346 0.2586
4.6316 14.0277 7.8938 -0.1033 0.0625 0.1661
6.8652 7.8938 8.5071 -0.0934 0.1307 -0.0285
0.0256 -0.1033 -0.0934 11.9909 0.0117 0.0407
0.0346 0.0625 0.1307 0.0117 19.7884 -0.1572
0.2586 0.1661 -0.0285 0.0407 -0.1572 16.8000
