19.0391 6.7624 6.6759 -0.0109 -0.0163 0.0769
6.7624 19.1745 6.7824 -0.0756 0.1492 0.1874
6.6759 6.7824 19.2821 -0.0690 0.3144 0.2349
-0.0109 -0.0756 -0.0690 10.9678 0.1401 0.1723
-0.0163 0.1492 0.3144 0.1401 10.8958 -0.1571
0.0769 0.1874 0.2349 0.1723 -0.1571 10.9147
