    24.47696       5.41731       5.13917       0.62810       0.35512       1.56486
     5.41731      26.37252       5.80469       0.32508       0.26787       1.30839
     5.13917       5.80469      27.71943       1.54251      -0.16755       0.81660
     0.62810       0.32508       1.54251       8.92175       0.49642       0.51421
     0.35512       0.26787      -0.16755       0.49642       6.80211       0.68090
     1.56486       1.30839       0.81660       0.51421       0.68090       6.74968