13.5149 5.4667 5.3888 -0.4512 0.1185 -0.0573
5.4667 13.5158 5.4280 -0.5738 -0.0869 -0.2450
5.3888 5.4280 13.6591 -0.6423 -0.1653 -0.0108
-0.4512 -0.5738 -0.6423 9.2544 -0.0418 -0.0138
0.1185 -0.0869 -0.1653 -0.0418 9.1675 -0.5513
-0.0573 -0.2450 -0.0108 -0.0138 -0.5513 9.1630
