35.04220000 14.18340000 11.70300000 0.82680000 -0.82680000 1.65360000
14.18340000 35.04220000 11.70300000 0.82680000 -0.82680000 1.65360000
11.70300000 11.70300000 37.52260000 -1.65360000 1.65360000 -3.30720000
0.82680000 0.82680000 -1.65360000 13.73660000 -3.30720000 -0.82680000
-0.82680000 -0.82680000 1.65360000 -3.30720000 13.73660000 0.82680000
1.65360000 1.65360000 -3.30720000 -0.82680000 0.82680000 16.21700000
