6.1505 3.7234 1.3053 -0.1169 -1.9037 0.0568
3.7234 9.4485 2.1831 -0.0092 -2.0939 -0.2395
1.3053 2.1831 2.2072 -0.0441 -0.8920 0.0128
-0.1169 -0.0092 -0.0441 4.7570 -0.0436 -0.6937
-1.9037 -2.0939 -0.8920 -0.0436 1.2868 0.1230
0.0568 -0.2395 0.0128 -0.6937 0.1230 8.1703
