9.0317 4.8397 5.3754 -0.0163 -0.4831 0.0163
4.8397 12.1864 2.4712 -0.0315 -2.0709 -0.0681
5.3754 2.4712 8.3910 -0.0346 0.6700 -0.0133
-0.0163 -0.0315 -0.0346 7.6853 0.0197 0.3650
-0.4831 -2.0709 0.6700 0.0197 6.3740 0.0348
0.0163 -0.0681 -0.0133 0.3650 0.0348 10.4440
