14.1934 6.7012 9.9523 0.1187 -3.6937 -0.0713
6.7012 17.2568 7.5279 0.1152 -5.9696 -0.1404
9.9523 7.5279 17.6746 0.0523 0.4689 0.0284
0.1187 0.1152 0.0523 20.6241 0.0373 -17.7066
-3.6937 -5.9696 0.4689 0.0373 17.9639 -0.0216
-0.0713 -0.1404 0.0284 -17.7066 -0.0216 44.6000
