3.6874 0.7022 1.0801 0.0156 0.1402 -0.1964
0.7022 5.9047 1.4968 0.0391 -0.0075 0.1495
1.0801 1.4968 2.8723 0.0274 0.2065 -0.0910
0.0156 0.0391 0.0274 1.8149 -0.0865 0.0477
0.1402 -0.0075 0.2065 -0.0865 2.5275 0.0134
-0.1964 0.1495 -0.0910 0.0477 0.0134 2.2090
