96.1607 5.9794 11.3871 0.2298 -29.4394 0.0175
5.9794 19.0698 6.2548 0.1258 -2.2865 -0.0189
11.3871 6.2548 30.6306 0.0440 -8.9371 0.0550
0.2298 0.1258 0.0440 10.4528 -0.0662 -4.6427
-29.4394 -2.2865 -8.9371 -0.0662 26.7328 0.0015
0.0175 -0.0189 0.0550 -4.6427 0.0015 22.0903
