69.9453 43.5805 3.4327 0.1546 0.2564 0.4808
43.5805 69.5174 3.5057 0.3014 0.2433 -0.8158
3.4327 3.5057 4.9988 -0.1134 0.1414 0.2682
0.1546 0.3014 -0.1134 6.4643 0.0288 0.0208
0.2564 0.2433 0.1414 0.0288 6.1348 0.1861
0.4808 -0.8158 0.2682 0.0208 0.1861 30.7412
