54.9525 28.5897 2.0757 0.0229 0.1243 0.4136
28.5897 54.3965 2.2481 0.0911 -0.1326 -0.4781
2.0757 2.2481 4.9575 -0.1609 0.3129 0.3241
0.0229 0.0911 -0.1609 7.4501 0.1815 -0.0558
0.1243 -0.1326 0.3129 0.1815 7.1854 -0.0184
0.4136 -0.4781 0.3241 -0.0558 -0.0184 30.4964
