24.27618814 12.83219693 17.12328541 0.45312678 -0.45215048 -6.43164855
12.83219693 24.27642649 17.12336130 0.45396714 -0.45293453 -6.43164202
17.12328541 17.12336130 43.46709810 -0.90558396 0.90656682 -10.61903703
0.45312678 0.45396714 -0.90558396 7.14754054 -1.42585779 -0.45288912
-0.45215048 -0.45293453 0.90656682 -1.42585779 7.14746465 0.45308137
-6.43164855 -6.43164202 -10.61903703 -0.45288912 0.45308137 12.04973845
