7.2936 -0.5653 2.9653 -0.0024 0.0014 0.0206
-0.5653 7.7256 3.3167 0.0081 0.0075 0.0239
2.9653 3.3167 4.7218 0.0124 0.0038 0.0322
-0.0024 0.0081 0.0124 12.0591 0.0000 0.0002
0.0014 0.0075 0.0038 0.0000 12.0504 0.0004
0.0206 0.0239 0.0322 0.0002 0.0004 9.0072
