7.8409 2.1725 5.0083 0.0577 0.0046 -0.0286
2.1725 9.3823 4.5604 -0.1761 0.1051 -0.2307
5.0083 4.5604 5.4143 -0.0031 0.0282 0.0491
0.0577 -0.1761 -0.0031 6.1895 -0.0761 -0.0267
0.0046 0.1051 0.0282 -0.0761 6.5918 0.0732
-0.0286 -0.2307 0.0491 -0.0267 0.0732 6.1778
