7.9833 4.2167 5.2034 -0.1030 -0.0064 0.1031
4.2167 12.7631 5.7883 -0.0557 0.0207 -0.0685
5.2034 5.7883 7.8296 -0.1238 -0.0121 0.0369
-0.1030 -0.0557 -0.1238 5.2661 0.0440 -0.0287
-0.0064 0.0207 -0.0121 0.0440 7.5703 -0.0454
0.1031 -0.0685 0.0369 -0.0287 -0.0454 7.2044
