10.86590607 5.13041865 7.89130357 -0.13281554 -0.00515918 -0.01768588
5.13041865 17.08520971 8.21337033 -0.51095428 -0.01040066 -0.01844399
7.89130357 8.21337033 11.11061116 -0.84459862 -0.00118141 -0.01849025
-0.13281554 -0.51095428 -0.84459862 6.45296041 -0.02237954 0.00043544
-0.00515918 -0.01040066 -0.00118141 -0.02237954 5.46482677 -0.03925089
-0.01768588 -0.01844399 -0.01849025 0.00043544 -0.03925089 4.24208651
