36.6281 18.9678 9.6591 -0.0684 4.1723 0.0740
18.9678 38.8621 15.6774 -0.0639 9.1310 0.0067
9.6591 15.6774 15.3714 -0.0156 2.5309 0.0122
-0.0684 -0.0639 -0.0156 15.7318 0.0089 -0.3790
4.1723 9.1310 2.5309 0.0089 16.5277 -0.0046
0.0740 0.0067 0.0122 -0.3790 -0.0046 25.3759
