28.1205 18.0604 13.7027 -0.1183 -1.8273 -0.0958
18.0604 42.3765 12.8631 -0.0994 5.9651 0.1175
13.7027 12.8631 8.2258 0.0160 3.2710 0.0004
-0.1183 -0.0994 0.0160 14.0226 -0.0044 1.6553
-1.8273 5.9651 3.2710 -0.0044 18.1864 -0.1005
-0.0958 0.1175 0.0004 1.6553 -0.1005 24.4121
