23.3905 6.0947 2.3590 0.0497 -0.0451 0.3067
6.0947 11.7391 3.9387 -0.0990 0.0284 0.0690
2.3590 3.9387 10.8403 0.0057 -0.0382 -0.0162
0.0497 -0.0990 0.0057 9.8837 0.0458 -0.0187
-0.0451 0.0284 -0.0382 0.0458 4.7778 0.0840
0.3067 0.0690 -0.0162 -0.0187 0.0840 14.5898
