18.5352 1.4859 -4.0200 0.0219 -0.0023 0.0003
1.4859 5.3797 -0.9490 -0.0053 -0.0007 0.0041
-4.0200 -0.9490 6.2907 -0.0025 0.0015 -0.0029
0.0219 -0.0053 -0.0025 8.8786 0.0017 -0.0015
-0.0023 -0.0007 0.0015 0.0017 3.2596 0.0008
0.0003 0.0041 -0.0029 -0.0015 0.0008 10.8205
