32.6988 10.8990 4.2280 -0.0247 -0.0551 0.4045
10.8990 12.8948 4.4631 -0.1507 0.0163 0.2018
4.2280 4.4631 5.3850 -0.0602 -0.0004 -0.0530
-0.0247 -0.1507 -0.0602 12.2640 -0.0033 -0.0252
-0.0551 0.0163 -0.0004 -0.0033 4.1587 0.1461
0.4045 0.2018 -0.0530 -0.0252 0.1461 12.8423
