22.37418507 8.17548514 14.69134065 -2.20493315 4.74726781 -0.75849423
8.17548514 15.04225960 6.25678423 0.89219840 3.27408805 -1.75106405
14.69134065 6.25678423 18.05483530 -0.48177618 1.97682440 4.55958687
-2.20493315 0.89219840 -0.48177618 4.68856903 1.80609021 3.03856521
4.74726781 3.27408805 1.97682440 1.80609021 10.26111496 -0.86454627
-0.75849423 -1.75106405 4.55958687 3.03856521 -0.86454627 8.05812602
