16.7097 1.2756 1.3088 -0.2525 0.3288 -0.0424
1.2756 70.5230 4.7768 0.2596 0.2023 -0.6663
1.3088 4.7768 14.8811 -0.3315 0.1960 0.3883
-0.2525 0.2596 -0.3315 8.8367 -0.2954 0.0731
0.3288 0.2023 0.1960 -0.2954 22.6353 -0.1486
-0.0424 -0.6663 0.3883 0.0731 -0.1486 23.2531
