96.27380427 48.73664507 22.00460680 2.50585940 -15.30405262 -6.67234320
48.73664507 122.76780808 64.84535853 2.60192532 8.85558779 14.47882188
22.00460680 64.84535853 130.64016686 5.21598257 14.55907143 -2.27288908
2.50585940 2.60192532 5.21598257 36.68750970 4.15345991 -0.04696426
-15.30405262 8.85558779 14.55907143 4.15345991 29.87769241 -1.14308069
-6.67234320 14.47882188 -2.27288908 -0.04696426 -1.14308069 26.59290828
