35.4161 17.0362 13.5693 -0.2367 0.8483 0.0326
17.0362 94.6462 19.3768 -0.0267 0.6152 -0.3289
13.5693 19.3768 39.8413 -0.9411 0.4934 -0.0885
-0.2367 -0.0267 -0.9411 28.5398 -0.3410 0.2180
0.8483 0.6152 0.4934 -0.3410 28.0785 0.0106
0.0326 -0.3289 -0.0885 0.2180 0.0106 34.7763
