27.03163353 11.91275160 11.35556682 1.25851471 -2.28481719 1.97535705
11.91275160 22.12560326 10.39309722 0.70668165 -1.14124730 4.10242355
11.35556682 10.39309722 25.45283193 -1.07652352 -4.45371925 0.49328748
1.25851471 0.70668165 -1.07652352 5.10869856 -0.99231237 1.79488515
-2.28481719 -1.14124730 -4.45371925 -0.99231237 4.61744352 1.60915701
1.97535705 4.10242355 0.49328748 1.79488515 1.60915701 8.13257355
