7.2545 -0.1889 1.1312 -0.6789 -0.3599 -0.0133
-0.1889 3.6651 7.9183 -0.4913 -0.5131 -0.1387
1.1312 7.9183 9.9547 -0.9855 -0.1776 0.4187
-0.6789 -0.4913 -0.9855 10.7452 -0.0502 0.1273
-0.3599 -0.5131 -0.1776 -0.0502 5.9778 -0.8783
-0.0133 -0.1387 0.4187 0.1273 -0.8783 3.0034
