7.9897 7.8080 5.9718 -0.0440 -0.0353 0.1318
7.8080 20.4422 3.6553 -0.0132 0.0073 0.1090
5.9718 3.6553 11.9075 0.0059 0.0223 -0.0275
-0.0440 -0.0132 0.0059 4.9580 0.0167 -0.0095
-0.0353 0.0073 0.0223 0.0167 7.0374 -0.0753
0.1318 0.1090 -0.0275 -0.0095 -0.0753 14.4865
