6.0509 5.9927 4.9635 -0.0570 -0.0395 0.1243
5.9927 17.9126 2.5838 -0.0292 0.0053 0.0179
4.9635 2.5838 10.3202 -0.0484 0.0227 -0.0376
-0.0570 -0.0292 -0.0484 4.3615 0.0161 0.0230
-0.0395 0.0053 0.0227 0.0161 6.2883 -0.1244
0.1243 0.0179 -0.0376 0.0230 -0.1244 13.2135
