65.3091 7.9132 0.4104 0.1392 -29.9686 -0.0722
7.9132 19.9451 0.8656 0.0403 -3.2468 0.1956
0.4104 0.8656 5.4738 0.0912 2.1744 0.0890
0.1392 0.0403 0.0912 3.1844 -0.0357 -4.1053
-29.9686 -3.2468 2.1744 -0.0357 8.8701 -0.0912
-0.0722 0.1956 0.0890 -4.1053 -0.0912 21.7252
