65.1661 7.7930 -0.5597 -0.4707 -17.9439 -0.2651
7.7930 21.4393 0.9169 -0.4166 -2.1434 0.1333
-0.5597 0.9169 9.8692 -0.1748 3.2155 -0.0041
-0.4707 -0.4166 -0.1748 3.3728 -0.5859 -2.0415
-17.9439 -2.1434 3.2155 -0.5859 0.3183 0.0759
-0.2651 0.1333 -0.0041 -2.0415 0.0759 25.8771
