5.0790 1.7674 5.4049 0.0132 -2.9273 -0.0621
1.7674 2.6306 2.7662 0.2023 -1.3851 -0.0822
5.4049 2.7662 8.9122 0.0523 -2.9512 -0.0348
0.0132 0.2023 0.0523 13.0846 -0.1132 -8.7406
-2.9273 -1.3851 -2.9512 -0.1132 6.3078 0.1126
-0.0621 -0.0822 -0.0348 -8.7406 0.1126 7.3846
