    20.11226      10.09829      17.37161       0.47180      -5.90526      -0.09098
    10.09829      26.46280      11.97644      -0.46441      -7.01748       0.66317
    17.37161      11.97644      38.10572       0.96631     -13.05982      -0.54185
     0.47180      -0.46441       0.96631      18.41193      -0.66249     -10.95399
    -5.90526      -7.01748     -13.05982      -0.66249      14.58033       0.07914
    -0.09098       0.66317      -0.54185     -10.95399       0.07914      10.79193