15.38578157 9.38428610 11.44541838 -0.03439731 -6.11669844 0.00793667
9.38428610 22.43273892 9.92477942 -0.09811009 -3.74084591 -0.06420665
11.44541838 9.92477942 23.62215544 -0.04270375 -6.00543108 -0.00640224
-0.03439731 -0.09811009 -0.04270375 16.92817279 0.03871552 -10.17398499
-6.11669844 -3.74084591 -6.00543108 0.03871552 9.02162824 -0.00183101
0.00793667 -0.06420665 -0.00640224 -10.17398499 -0.00183101 8.90916682
