12.2046 6.3463 9.1796 0.0345 -8.3709 -0.0186
6.3463 11.4166 6.3404 0.2406 -4.5208 -0.1340
9.1796 6.3404 18.6616 0.1520 -11.3425 -0.0412
0.0345 0.2406 0.1520 31.0497 -0.0296 -21.6784
-8.3709 -4.5208 -11.3425 -0.0296 14.1392 -0.0099
-0.0186 -0.1340 -0.0412 -21.6784 -0.0099 22.6337
