49.69455483 21.01475305 21.44980963 -7.42580439 -13.23533533 -1.26566836
21.01475305 35.17321591 21.80564419 -15.93490130 6.38354731 -8.28701256
21.44980963 21.80564419 33.55271553 -10.65359639 -5.87725473 1.68874009
-7.42580439 -15.93490130 -10.65359639 16.62602435 -2.72334020 4.12073314
-13.23533533 6.38354731 -5.87725473 -2.72334020 26.40838498 -13.98311258
-1.26566836 -8.28701256 1.68874009 4.12073314 -13.98311258 14.21199753
