26.2369 6.5054 6.3216 -0.0110 0.1177 0.1455
6.5054 26.4077 6.5005 -0.0589 0.0366 0.1639
6.3216 6.5005 26.2821 -0.0355 0.0287 0.0272
-0.0110 -0.0589 -0.0355 16.5114 0.0466 0.0634
0.1177 0.0366 0.0287 0.0466 16.3281 -0.0046
0.1455 0.1639 0.0272 0.0634 -0.0046 16.4373
