19.76770047 2.04194615 2.01883845 0.00168909 -0.01312224 0.00813087
2.04194615 19.74860591 2.02360254 0.00676952 0.00125640 -0.01041432
2.01883845 2.02360254 19.77052170 0.01235283 0.00343063 -0.00015638
0.00168909 0.00676952 0.01235283 5.22731331 0.00021896 0.00389961
-0.01312224 0.00125640 0.00343063 0.00021896 5.23718371 -0.00045884
0.00813087 -0.01041432 -0.00015638 0.00389961 -0.00045884 5.18146331
