12.86100000 6.10820000 4.67240000 0.47860000 -0.47860000 0.95720000
6.10820000 12.86100000 4.67240000 0.47860000 -0.47860000 0.95720000
4.67240000 4.67240000 14.29680000 -0.95720000 0.95720000 -1.91440000
0.47860000 0.47860000 -0.95720000 5.29080000 -1.91440000 -0.47860000
-0.47860000 -0.47860000 0.95720000 -1.91440000 5.29080000 0.47860000
0.95720000 0.95720000 -1.91440000 -0.47860000 0.47860000 6.72660000
