12.86914444 10.61054444 8.94381111 0.55557778 -0.55557778 1.11115556
10.61054444 12.86914444 8.94381111 0.55557778 -0.55557778 1.11115556
8.94381111 8.94381111 14.53587778 -1.11115556 1.11115556 -2.22231111
0.55557778 0.55557778 -1.11115556 3.35161111 -2.22231111 -0.55557778
-0.55557778 -0.55557778 1.11115556 -2.22231111 3.35161111 0.55557778
1.11115556 1.11115556 -2.22231111 -0.55557778 0.55557778 5.01834444
