17.3297 -1.7724 -1.8022 -0.0090 -0.0066 0.0057
-1.7724 17.3303 -1.7903 -0.0000 -0.0093 0.0037
-1.8022 -1.7903 17.3322 -0.0079 -0.0044 -0.0047
-0.0090 -0.0000 -0.0079 14.9403 0.0003 0.0072
-0.0066 -0.0093 -0.0044 0.0003 14.9356 -0.0063
0.0057 0.0037 -0.0047 0.0072 -0.0063 14.8383
