16.2555 2.2278 2.2399 0.1507 0.3743 0.8162
2.2278 16.1996 2.2307 -1.1912 -0.2023 0.1043
2.2399 2.2307 16.3072 -0.7800 0.5833 0.1688
0.1507 -1.1912 -0.7800 10.3173 -0.0264 -0.0239
0.3743 -0.2023 0.5833 -0.0264 10.7657 0.0125
0.8162 0.1043 0.1688 -0.0239 0.0125 11.0763
